function X=Input_data()
X=[1.126384507
1.126159816
1.125965708
1.118507686
1.117210075
1.113753551
1.098818144
1.096180326
1.08987113
1.087582295
1.094747895
];
end